
Program started.
LIA initialized.
12/02/2026 13:50:47,547
Start polling data: time, freq, R, phase.	12/02/2026 13:51:10,269
2,27156514E+1	5,93206009E+6	1,84191833E-4	1,60887136E+2	
2,28679862E+1	5,93206009E+6	1,84198938E-4	1,60880476E+2	
2,30203210E+1	5,93206009E+6	1,84242244E-4	1,60895621E+2	
2,30206123E+1	5,93206009E+6	1,84242105E-4	1,60896183E+2	
2,31720732E+1	5,93206009E+6	1,84202316E-4	1,60894391E+2	
2,33235342E+1	5,93206009E+6	1,84214618E-4	1,60882063E+2	
2,33238255E+1	5,93206009E+6	1,84217707E-4	1,60881959E+2	
2,34738301E+1	5,93206009E+6	1,84270869E-4	1,60889183E+2	
2,36238347E+1	5,93206009E+6	1,84149825E-4	1,60882286E+2	
2,36241260E+1	5,93206009E+6	1,84149013E-4	1,60882125E+2	
2,37758783E+1	5,93206009E+6	1,84349351E-4	1,60886896E+2	
2,39276305E+1	5,93206009E+6	1,84360054E-4	1,60884922E+2	
2,39279218E+1	5,93206009E+6	1,84360277E-4	1,60884979E+2	
2,40782177E+1	5,93206009E+6	1,84251164E-4	1,60895331E+2	
2,42282223E+1	5,93206009E+6	1,84389264E-4	1,60886690E+2	
2,42285136E+1	5,93206009E+6	1,84391804E-4	1,60886426E+2	
2,43793920E+1	5,93206009E+6	1,84356371E-4	1,60897114E+2	
2,45299792E+1	5,93206009E+6	1,84237862E-4	1,60883953E+2	
2,45302704E+1	5,93206009E+6	1,84241169E-4	1,60884166E+2	
2,46808576E+1	5,93206009E+6	1,84329704E-4	1,60882073E+2	
2,48314448E+1	5,93206009E+6	1,84245242E-4	1,60887003E+2	
2,48317360E+1	5,93206009E+6	1,84246605E-4	1,60886252E+2	
2,49820319E+1	5,93206009E+6	1,84200227E-4	1,60891956E+2	
2,51323278E+1	5,93206009E+6	1,84213519E-4	1,60891093E+2	
2,51326191E+1	5,93206009E+6	1,84212193E-4	1,60891186E+2	
2,52843713E+1	5,93206009E+6	1,84249545E-4	1,60912528E+2	
2,54361236E+1	5,93206009E+6	1,84171668E-4	1,60877293E+2	
2,54364149E+1	5,93206009E+6	1,84169921E-4	1,60877464E+2	
2,55890409E+1	5,93206009E+6	1,84262410E-4	1,60891964E+2	
2,57416670E+1	5,93206009E+6	1,84223818E-4	1,60894498E+2	
2,57419583E+1	5,93206009E+6	1,84221601E-4	1,60894341E+2	
2,58922542E+1	5,93206009E+6	1,84330643E-4	1,60898258E+2	
2,60425500E+1	5,93206009E+6	1,84328799E-4	1,60883236E+2	
2,60428413E+1	5,93206009E+6	1,84329563E-4	1,60882665E+2	
2,61954674E+1	5,93206009E+6	1,84324402E-4	1,60884102E+2	
2,63480934E+1	5,93206009E+6	1,84368253E-4	1,60897304E+2	
2,63483847E+1	5,93206009E+6	1,84367909E-4	1,60897797E+2	
2,64992631E+1	5,93206009E+6	1,84322727E-4	1,60893065E+2	
2,66498503E+1	5,93206009E+6	1,84350597E-4	1,60898236E+2	
2,66501416E+1	5,93206009E+6	1,84350758E-4	1,60898427E+2	
2,68021851E+1	5,93206009E+6	1,84265531E-4	1,60893092E+2	
2,69542286E+1	5,93206009E+6	1,84419937E-4	1,60891179E+2	
2,69545199E+1	5,93206009E+6	1,84418979E-4	1,60891366E+2	
2,71074372E+1	5,93206009E+6	1,84328857E-4	1,60898302E+2	
2,72603546E+1	5,93206009E+6	1,84350493E-4	1,60899214E+2	
2,72606458E+1	5,93206009E+6	1,84349012E-4	1,60899039E+2	
2,74121068E+1	5,93206009E+6	1,84380964E-4	1,60903114E+2	
2,75635678E+1	5,93206009E+6	1,84381635E-4	1,60890766E+2	
2,75638591E+1	5,93206009E+6	1,84382702E-4	1,60890564E+2	
2,77138637E+1	5,93206009E+6	1,84391614E-4	1,60896741E+2	
2,78638683E+1	5,93206009E+6	1,84285259E-4	1,60893004E+2	
2,78641596E+1	5,93206009E+6	1,84287151E-4	1,60892673E+2	
2,80141642E+1	5,93206009E+6	1,84351861E-4	1,60893978E+2	
2,81641688E+1	5,93206009E+6	1,84351054E-4	1,60902301E+2	
2,81644601E+1	5,93206009E+6	1,84350728E-4	1,60902322E+2	
2,83159211E+1	5,93206009E+6	1,84387851E-4	1,60890638E+2	
2,84676733E+1	5,93206009E+6	1,84418507E-4	1,60902350E+2	
2,84679646E+1	5,93206009E+6	1,84418599E-4	1,60902288E+2	
2,86200081E+1	5,93206009E+6	1,84333932E-4	1,60896051E+2	
2,87717604E+1	5,93206009E+6	1,84258020E-4	1,60899260E+2	
2,87720516E+1	5,93206009E+6	1,84257862E-4	1,60898766E+2	
2,89240951E+1	5,93206009E+6	1,84349264E-4	1,60897083E+2	
2,90758474E+1	5,93206009E+6	1,84257772E-4	1,60885747E+2	
2,90761387E+1	5,93206009E+6	1,84258724E-4	1,60885169E+2	
2,92275996E+1	5,93206009E+6	1,84407379E-4	1,60891425E+2	
2,93787694E+1	5,93206009E+6	1,84382122E-4	1,60904067E+2	
2,93790606E+1	5,93206009E+6	1,84382033E-4	1,60904403E+2	
2,95299391E+1	5,93206009E+6	1,84365826E-4	1,60881098E+2	
2,96805262E+1	5,93206009E+6	1,84352044E-4	1,60902299E+2	
2,96808175E+1	5,93206009E+6	1,84352888E-4	1,60902155E+2	
2,98322785E+1	5,93206009E+6	1,84327321E-4	1,60897196E+2	
2,99837394E+1	5,93206009E+6	1,84385823E-4	1,60888621E+2	
2,99840307E+1	5,93206009E+6	1,84386626E-4	1,60888409E+2	
3,01343266E+1	5,93206009E+6	1,84301042E-4	1,60898146E+2	
3,02849138E+1	5,93206009E+6	1,84310257E-4	1,60887697E+2	
3,02852050E+1	5,93206009E+6	1,84308398E-4	1,60887413E+2	
3,04378311E+1	5,93206009E+6	1,84302197E-4	1,60887507E+2	
3,05904572E+1	5,93206009E+6	1,84332518E-4	1,60890369E+2	
3,05907484E+1	5,93206009E+6	1,84331807E-4	1,60890345E+2	
3,07427920E+1	5,93206009E+6	1,84363667E-4	1,60904575E+2	
3,08948355E+1	5,93206009E+6	1,84307667E-4	1,60909911E+2	
3,08951268E+1	5,93206009E+6	1,84308128E-4	1,60909438E+2	
3,10471703E+1	5,93206009E+6	1,84388411E-4	1,60895956E+2	
3,11995051E+1	5,93206009E+6	1,84421307E-4	1,60903104E+2	
3,11997963E+1	5,93206009E+6	1,84420411E-4	1,60902832E+2	
3,13524224E+1	5,93206009E+6	1,84376984E-4	1,60891073E+2	
3,15047572E+1	5,93206009E+6	1,84271460E-4	1,60881495E+2	
3,15050485E+1	5,93206009E+6	1,84272235E-4	1,60881579E+2	
3,16576745E+1	5,93206009E+6	1,84285781E-4	1,60884489E+2	
3,18100093E+1	5,93206009E+6	1,84289391E-4	1,60896466E+2	
3,18103006E+1	5,93206009E+6	1,84288661E-4	1,60896616E+2	
3,19617616E+1	5,93206009E+6	1,84364092E-4	1,60894261E+2	
3,21129313E+1	5,93206009E+6	1,84241460E-4	1,60895438E+2	
3,21132225E+1	5,93206009E+6	1,84242076E-4	1,60895549E+2	
3,22632272E+1	5,93206009E+6	1,84245782E-4	1,60882852E+2	
3,24132318E+1	5,93206009E+6	1,84328307E-4	1,60884486E+2	
3,24135231E+1	5,93206009E+6	1,84330228E-4	1,60884574E+2	
3,25649840E+1	5,93206009E+6	1,84204259E-4	1,60884446E+2	
3,27161537E+1	5,93206009E+6	1,84247381E-4	1,60908653E+2	
3,27164450E+1	5,93206009E+6	1,84248019E-4	1,60909071E+2	
3,28684885E+1	5,93206009E+6	1,84271904E-4	1,60890637E+2	
3,30205321E+1	5,93206009E+6	1,84216307E-4	1,60886195E+2	
3,30208233E+1	5,93206009E+6	1,84215266E-4	1,60886549E+2	
3,31719930E+1	5,93206009E+6	1,84306094E-4	1,60890356E+2	
3,33231627E+1	5,93206009E+6	1,84316491E-4	1,60894036E+2	
3,33234540E+1	5,93206009E+6	1,84317439E-4	1,60893646E+2	
3,34752063E+1	5,93206009E+6	1,84307807E-4	1,60895696E+2	
3,36269585E+1	5,93206009E+6	1,84237383E-4	1,60894264E+2	
3,36272498E+1	5,93206009E+6	1,84235983E-4	1,60894478E+2	
3,37775457E+1	5,93206009E+6	1,84167158E-4	1,60889083E+2	
3,39281328E+1	5,93206009E+6	1,84291077E-4	1,60887394E+2	
3,39284241E+1	5,93206009E+6	1,84290623E-4	1,60887445E+2	
3,40787200E+1	5,93206009E+6	1,84223685E-4	1,60885541E+2	
3,42287246E+1	5,93206009E+6	1,84127828E-4	1,60886388E+2	
3,42290159E+1	5,93206009E+6	1,84128667E-4	1,60886342E+2	
3,43801856E+1	5,93206009E+6	1,84088223E-4	1,60889694E+2	
3,45313553E+1	5,93206009E+6	1,84214077E-4	1,60892684E+2	
3,45316466E+1	5,93206009E+6	1,84218032E-4	1,60893125E+2	
3,46833988E+1	5,93206009E+6	1,84142495E-4	1,60881862E+2	
3,48351511E+1	5,93206009E+6	1,84146113E-4	1,60892494E+2	
3,48354423E+1	5,93206009E+6	1,84150438E-4	1,60892474E+2	
3,49863208E+1	5,93206009E+6	1,84198930E-4	1,60876983E+2	
3,51374905E+1	5,93206009E+6	1,84261398E-4	1,60885049E+2	
3,51377818E+1	5,93206009E+6	1,84260918E-4	1,60884819E+2	
3,52898253E+1	5,93206009E+6	1,84135474E-4	1,60885825E+2	
3,54418688E+1	5,93206009E+6	1,84151673E-4	1,60885619E+2	
3,54421601E+1	5,93206009E+6	1,84151261E-4	1,60885530E+2	
3,55947861E+1	5,93206009E+6	1,84156864E-4	1,60898882E+2	
3,57474122E+1	5,93206009E+6	1,84205696E-4	1,60886896E+2	
3,57477035E+1	5,93206009E+6	1,84206106E-4	1,60886541E+2	
3,58979994E+1	5,93206009E+6	1,84265368E-4	1,60885564E+2	
3,60482953E+1	5,93206009E+6	1,84338943E-4	1,60894734E+2	
3,60485865E+1	5,93206009E+6	1,84337361E-4	1,60894712E+2	
3,61997562E+1	5,93206009E+6	1,84297453E-4	1,60887953E+2	
3,63509259E+1	5,93206009E+6	1,84211174E-4	1,60887624E+2	
3,63512172E+1	5,93206009E+6	1,84212031E-4	1,60887852E+2	
3,65041345E+1	5,93206009E+6	1,84194792E-4	1,60898108E+2	
3,66570519E+1	5,93206009E+6	1,84344210E-4	1,60890518E+2	
3,66573431E+1	5,93206009E+6	1,84346058E-4	1,60890754E+2	
3,68088041E+1	5,93206009E+6	1,84258595E-4	1,60900535E+2	
3,69599738E+1	5,93206009E+6	1,84240434E-4	1,60884221E+2	
3,69602651E+1	5,93206009E+6	1,84238796E-4	1,60883894E+2	
3,71125999E+1	5,93206009E+6	1,84207881E-4	1,60878931E+2	
3,72649347E+1	5,93206009E+6	1,84290673E-4	1,60892551E+2	
3,72652260E+1	5,93206009E+6	1,84289452E-4	1,60892653E+2	
3,74166869E+1	5,93206009E+6	1,84247833E-4	1,60882585E+2	
3,75684392E+1	5,93206009E+6	1,84216105E-4	1,60893484E+2	
3,75687305E+1	5,93206009E+6	1,84218401E-4	1,60893330E+2	
3,77196089E+1	5,93206009E+6	1,84218560E-4	1,60889179E+2	
3,78701961E+1	5,93206009E+6	1,84200680E-4	1,60888816E+2	
3,78704873E+1	5,93206009E+6	1,84201174E-4	1,60888722E+2	
3,80219483E+1	5,93206009E+6	1,84205032E-4	1,60878672E+2	
3,81731180E+1	5,93206009E+6	1,84224513E-4	1,60883485E+2	
3,81734093E+1	5,93206009E+6	1,84223557E-4	1,60884074E+2	
3,83234139E+1	5,93206009E+6	1,84236599E-4	1,60894206E+2	
3,84734185E+1	5,93206009E+6	1,84199322E-4	1,60907869E+2	
3,84737098E+1	5,93206009E+6	1,84199500E-4	1,60907664E+2	
3,86240057E+1	5,93206009E+6	1,84257862E-4	1,60885867E+2	
3,87743016E+1	5,93206009E+6	1,84071766E-4	1,60878179E+2	
3,87745929E+1	5,93206009E+6	1,84071757E-4	1,60878111E+2	
3,89272189E+1	5,93206009E+6	1,84190050E-4	1,60888874E+2	
3,90798450E+1	5,93206009E+6	1,84199959E-4	1,60877059E+2	
3,90801362E+1	5,93206009E+6	1,84199696E-4	1,60877415E+2	
3,92304321E+1	5,93206009E+6	1,84227841E-4	1,60881738E+2	
3,93804368E+1	5,93206009E+6	1,84166743E-4	1,60882294E+2	
3,93807280E+1	5,93206009E+6	1,84170750E-4	1,60882250E+2	
3,95321890E+1	5,93206009E+6	1,84168021E-4	1,60898260E+2	
3,96833587E+1	5,93206009E+6	1,84142547E-4	1,60886113E+2	
3,96836500E+1	5,93206009E+6	1,84140301E-4	1,60886195E+2	
3,98342372E+1	5,93206009E+6	1,84014418E-4	1,60884560E+2	
3,99848243E+1	5,93206009E+6	1,84241906E-4	1,60870766E+2	
3,99851156E+1	5,93206009E+6	1,84241620E-4	1,60870325E+2	
4,01383242E+1	5,93206009E+6	1,84165921E-4	1,60882180E+2	
4,02912415E+1	5,93206009E+6	1,84204277E-4	1,60881352E+2	
4,02915328E+1	5,93206009E+6	1,84202287E-4	1,60880636E+2	
4,04418287E+1	5,93206009E+6	1,84195414E-4	1,60881842E+2	
4,05921246E+1	5,93206009E+6	1,84255638E-4	1,60896735E+2	
4,05924159E+1	5,93206009E+6	1,84256300E-4	1,60895922E+2	
4,07432943E+1	5,93206009E+6	1,84269016E-4	1,60890429E+2	
4,08944640E+1	5,93206009E+6	1,84156425E-4	1,60892601E+2	
4,08947553E+1	5,93206009E+6	1,84157312E-4	1,60892777E+2	
4,10450512E+1	5,93206009E+6	1,84209016E-4	1,60881119E+2	
4,11953471E+1	5,93206009E+6	1,84142577E-4	1,60881710E+2	
4,11956383E+1	5,93206009E+6	1,84143945E-4	1,60881864E+2	
4,13470993E+1	5,93206009E+6	1,84169038E-4	1,60892555E+2	
4,14988516E+1	5,93206009E+6	1,84154245E-4	1,60876453E+2	
4,14991428E+1	5,93206009E+6	1,84149831E-4	1,60876230E+2	
4,16500213E+1	5,93206009E+6	1,84087527E-4	1,60898848E+2	
4,18006084E+1	5,93206009E+6	1,84195497E-4	1,60884676E+2	
4,18008997E+1	5,93206009E+6	1,84196954E-4	1,60884696E+2	
4,19511956E+1	5,93206009E+6	1,84196951E-4	1,60890413E+2	
4,21014915E+1	5,93206009E+6	1,84207172E-4	1,60883309E+2	
4,21017828E+1	5,93206009E+6	1,84207298E-4	1,60883762E+2	
4,22544088E+1	5,93206009E+6	1,84285738E-4	1,60881242E+2	
4,24073262E+1	5,93206009E+6	1,84170980E-4	1,60889832E+2	
4,24076174E+1	5,93206009E+6	1,84170059E-4	1,60889247E+2	
4,25584959E+1	5,93206009E+6	1,84273705E-4	1,60876999E+2	
4,27090830E+1	5,93206009E+6	1,84180966E-4	1,60882361E+2	
4,27093743E+1	5,93206009E+6	1,84183247E-4	1,60881862E+2	
4,28602527E+1	5,93206009E+6	1,84286424E-4	1,60877014E+2	
4,30114224E+1	5,93206009E+6	1,84179369E-4	1,60886712E+2	
4,30117137E+1	5,93206009E+6	1,84179732E-4	1,60886730E+2	
4,31628834E+1	5,93206009E+6	1,84171797E-4	1,60875705E+2	
4,33140531E+1	5,93206009E+6	1,84263159E-4	1,60885833E+2	
4,33143444E+1	5,93206009E+6	1,84262651E-4	1,60886294E+2	
4,34652228E+1	5,93206009E+6	1,84163312E-4	1,60890542E+2	
4,36158100E+1	5,93206009E+6	1,84116071E-4	1,60881755E+2	
4,36161013E+1	5,93206009E+6	1,84117066E-4	1,60881337E+2	
4,37681448E+1	5,93206009E+6	1,84128268E-4	1,60879678E+2	
4,39201883E+1	5,93206009E+6	1,84121576E-4	1,60870574E+2	
4,39204796E+1	5,93206009E+6	1,84119285E-4	1,60871345E+2	
4,40731056E+1	5,93206009E+6	1,84114045E-4	1,60885469E+2	
4,42254404E+1	5,93206009E+6	1,84158533E-4	1,60878897E+2	
4,42257317E+1	5,93206009E+6	1,84155594E-4	1,60879132E+2	
4,43760276E+1	5,93206009E+6	1,84141353E-4	1,60890996E+2	
4,45266148E+1	5,93206009E+6	1,84160469E-4	1,60898823E+2	
4,45269060E+1	5,93206009E+6	1,84159708E-4	1,60899011E+2	
4,46783670E+1	5,93206009E+6	1,84234045E-4	1,60883632E+2	
4,48298280E+1	5,93206009E+6	1,84192820E-4	1,60879746E+2	
4,48301193E+1	5,93206009E+6	1,84191844E-4	1,60879052E+2	
4,49809977E+1	5,93206009E+6	1,84155729E-4	1,60891877E+2	
4,51318761E+1	5,93206009E+6	1,84211315E-4	1,60891915E+2	
4,51321674E+1	5,93206009E+6	1,84210053E-4	1,60891808E+2	
4,52842109E+1	5,93206009E+6	1,84238739E-4	1,60877073E+2	
4,54362544E+1	5,93206009E+6	1,84200421E-4	1,60872145E+2	
4,54365457E+1	5,93206009E+6	1,84199201E-4	1,60872230E+2	
4,55868416E+1	5,93206009E+6	1,84225921E-4	1,60883356E+2	
4,57368462E+1	5,93206009E+6	1,84175506E-4	1,60894270E+2	
4,57371375E+1	5,93206009E+6	1,84175488E-4	1,60894068E+2	
4,58891810E+1	5,93206009E+6	1,84257394E-4	1,60888085E+2	
4,60412245E+1	5,93206009E+6	1,84269736E-4	1,60883984E+2	
4,60415158E+1	5,93206009E+6	1,84268313E-4	1,60884060E+2	
4,61932681E+1	5,93206009E+6	1,84160096E-4	1,60883565E+2	
4,63450203E+1	5,93206009E+6	1,84167293E-4	1,60889018E+2	
4,63453116E+1	5,93206009E+6	1,84164503E-4	1,60889539E+2	
4,64964813E+1	5,93206009E+6	1,84127673E-4	1,60892553E+2	
4,66476510E+1	5,93206009E+6	1,84196579E-4	1,60887813E+2	
4,66479423E+1	5,93206009E+6	1,84196451E-4	1,60888001E+2	
4,67982382E+1	5,93206009E+6	1,84287769E-4	1,60884669E+2	
4,69482428E+1	5,93206009E+6	1,84211845E-4	1,60891999E+2	
4,69485340E+1	5,93206009E+6	1,84213716E-4	1,60892420E+2	
4,70994125E+1	5,93206009E+6	1,84184457E-4	1,60890997E+2	
4,72499996E+1	5,93206009E+6	1,84286531E-4	1,60877772E+2	
4,72502909E+1	5,93206009E+6	1,84286597E-4	1,60877574E+2	
4,74005868E+1	5,93206009E+6	1,84065199E-4	1,60895013E+2	
4,75505914E+1	5,93206009E+6	1,84146984E-4	1,60881715E+2	
4,75508827E+1	5,93206009E+6	1,84147000E-4	1,60881678E+2	
4,77029262E+1	5,93206009E+6	1,84296167E-4	1,60877570E+2	
4,78546785E+1	5,93206009E+6	1,84272459E-4	1,60878315E+2	
*** PLL enabled.	12/02/2026 13:51:35,561
4,78549697E+1	5,93206009E+6	1,84273015E-4	1,60878010E+2	
4,80061394E+1	5,93206009E+6	1,84242658E-4	1,60882349E+2	
4,81573092E+1	5,93206015E+6	1,84557784E-4	1,60789569E+2	
4,81576004E+1	5,93206006E+6	1,84279595E-4	1,60880336E+2	
4,83076050E+1	5,93206008E+6	1,84055368E-4	1,60872503E+2	
4,84576097E+1	5,93205995E+6	1,84331788E-4	1,60833668E+2	
4,84579009E+1	5,93205988E+6	1,84128070E-4	1,60905925E+2	
4,86090706E+1	5,93206002E+6	1,84277029E-4	1,60888466E+2	
4,87602404E+1	5,93206012E+6	1,84318874E-4	1,60898904E+2	
4,87605316E+1	5,93206001E+6	1,83896920E-4	1,60986998E+2	
4,89131577E+1	5,93206007E+6	1,84311617E-4	1,60861781E+2	
4,90657838E+1	5,93205997E+6	1,84384795E-4	1,60852490E+2	
4,90660750E+1	5,93205996E+6	1,84173271E-4	1,60873320E+2	
4,92163709E+1	5,93206007E+6	1,84142708E-4	1,60925040E+2	
4,93663755E+1	5,93205993E+6	1,84370950E-4	1,60905596E+2	
4,93666668E+1	5,93205997E+6	1,84424386E-4	1,60863587E+2	
4,95181278E+1	5,93206004E+6	1,84455639E-4	1,60861668E+2	
4,96698800E+1	5,93206008E+6	1,84084840E-4	1,60938629E+2	
4,96701713E+1	5,93206008E+6	1,84141528E-4	1,60935955E+2	
4,98207585E+1	5,93205992E+6	1,84374638E-4	1,60856664E+2	
4,99713456E+1	5,93205992E+6	1,84232506E-4	1,60994274E+2	
4,99716369E+1	5,93206003E+6	1,84335242E-4	1,60878655E+2	
5,01242630E+1	5,93205988E+6	1,84509701E-4	1,60910222E+2	
5,02768890E+1	5,93205998E+6	1,83965262E-4	1,60940967E+2	
5,02771803E+1	5,93205993E+6	1,84007603E-4	1,60971734E+2	
5,04286413E+1	5,93206003E+6	1,84341356E-4	1,61006966E+2	
5,05801023E+1	5,93206001E+6	1,84176325E-4	1,60781179E+2	
5,05803935E+1	5,93205995E+6	1,84285954E-4	1,60855701E+2	
5,07306894E+1	5,93206010E+6	1,84291729E-4	1,60912509E+2	
5,08806940E+1	5,93205992E+6	1,83947656E-4	1,60821423E+2	
5,08809853E+1	5,93205986E+6	1,84125595E-4	1,60894649E+2	
5,10341939E+1	5,93205991E+6	1,84060886E-4	1,60926176E+2	
5,11871113E+1	5,93205992E+6	1,84007753E-4	1,60877800E+2	
5,11874025E+1	5,93205989E+6	1,84176905E-4	1,60915909E+2	
5,13379897E+1	5,93205991E+6	1,84189727E-4	1,60853166E+2	
5,14885769E+1	5,93205991E+6	1,84225290E-4	1,60978023E+2	
5,14888681E+1	5,93206003E+6	1,84193767E-4	1,60854646E+2	
5,16414942E+1	5,93206008E+6	1,84469456E-4	1,60890405E+2	
5,17941202E+1	5,93205999E+6	1,84425313E-4	1,60902914E+2	
5,17944115E+1	5,93206001E+6	1,84034564E-4	1,60867314E+2	
5,19455812E+1	5,93206005E+6	1,84392069E-4	1,60836801E+2	
5,20967509E+1	5,93205998E+6	1,84272644E-4	1,60902486E+2	
5,20970422E+1	5,93206008E+6	1,84106206E-4	1,60807059E+2	
5,22496683E+1	5,93206017E+6	1,84051788E-4	1,60835169E+2	
5,24020031E+1	5,93206001E+6	1,84070934E-4	1,61027903E+2	
5,24022943E+1	5,93206018E+6	1,84184878E-4	1,60842380E+2	
5,25531728E+1	5,93206016E+6	1,84087203E-4	1,60825704E+2	
5,27037599E+1	5,93206012E+6	1,84331340E-4	1,60854732E+2	
5,27040512E+1	5,93206006E+6	1,84168494E-4	1,60915608E+2	
5,28552209E+1	5,93205992E+6	1,84384410E-4	1,60888496E+2	
5,30063906E+1	5,93206021E+6	1,84274299E-4	1,60824400E+2	
5,30066819E+1	5,93206014E+6	1,83996784E-4	1,60902607E+2	
5,31593079E+1	5,93206009E+6	1,84025066E-4	1,60806322E+2	
5,33122253E+1	5,93206010E+6	1,84117034E-4	1,60870520E+2	
5,33125166E+1	5,93206008E+6	1,84086942E-4	1,60890886E+2	
5,34651426E+1	5,93206003E+6	1,84009170E-4	1,60904693E+2	
5,36180599E+1	5,93206008E+6	1,84215639E-4	1,60847050E+2	
5,36183512E+1	5,93206006E+6	1,84278196E-4	1,60863404E+2	
5,37698122E+1	5,93206021E+6	1,83957289E-4	1,60835324E+2	
5,39212732E+1	5,93205990E+6	1,84418309E-4	1,60945566E+2	
5,39215644E+1	5,93205998E+6	1,84384357E-4	1,60859231E+2	
5,40733167E+1	5,93206000E+6	1,84004970E-4	1,60869664E+2	
5,42250689E+1	5,93206002E+6	1,84113219E-4	1,60882821E+2	
5,42253602E+1	5,93205999E+6	1,84088596E-4	1,60908239E+2	
5,43779863E+1	5,93206004E+6	1,84181861E-4	1,60959868E+2	
5,45309036E+1	5,93206014E+6	1,84173668E-4	1,60864077E+2	
5,45311949E+1	5,93206020E+6	1,84098816E-4	1,60816764E+2	
5,46838209E+1	5,93206027E+6	1,84145189E-4	1,60916277E+2	
5,48364470E+1	5,93206052E+6	1,84009308E-4	1,60883214E+2	
5,48367383E+1	5,93206054E+6	1,83815726E-4	1,60861949E+2	
5,49890731E+1	5,93205878E+6	1,84080841E-4	1,60880285E+2	
5,51414079E+1	5,93205032E+6	1,83845384E-4	1,61136307E+2	
5,51416991E+1	5,93205031E+6	1,83933353E-4	1,61095386E+2	
5,52937426E+1	5,93204548E+6	1,84371782E-4	1,60803536E+2	
5,54457862E+1	5,93204199E+6	1,84538823E-4	1,60864585E+2	
5,54460774E+1	5,93204201E+6	1,84474344E-4	1,60852854E+2	
5,55960821E+1	5,93205206E+6	1,84474029E-4	1,60832351E+2	
5,57460867E+1	5,93205393E+6	1,84530796E-4	1,60882709E+2	
5,57463780E+1	5,93205385E+6	1,84640425E-4	1,60950344E+2	
5,58972564E+1	5,93205425E+6	1,84446859E-4	1,60859685E+2	
5,60478436E+1	5,93205645E+6	1,84418723E-4	1,60875506E+2	
5,60481348E+1	5,93205656E+6	1,84463442E-4	1,60775602E+2	
5,61995958E+1	5,93205583E+6	1,84131851E-4	1,60879609E+2	
5,63510568E+1	5,93205631E+6	1,84327364E-4	1,60858491E+2	
5,63513481E+1	5,93205637E+6	1,84236499E-4	1,60805216E+2	
5,65033916E+1	5,93205715E+6	1,84278442E-4	1,60813829E+2	
5,66554351E+1	5,93205742E+6	1,84336256E-4	1,60882848E+2	
5,66557264E+1	5,93205748E+6	1,84229351E-4	1,60822155E+2	
5,68060223E+1	5,93205757E+6	1,84062804E-4	1,60955336E+2	
5,69566094E+1	5,93205780E+6	1,84325016E-4	1,60901404E+2	
5,69569007E+1	5,93205772E+6	1,84201585E-4	1,60968447E+2	
5,71095268E+1	5,93205743E+6	1,84442875E-4	1,60880807E+2	
5,72624441E+1	5,93205714E+6	1,84105037E-4	1,60835305E+2	
5,72627354E+1	5,93205719E+6	1,84128968E-4	1,60806649E+2	
5,74130313E+1	5,93205666E+6	1,84007890E-4	1,60845629E+2	
5,75636184E+1	5,93205631E+6	1,84373889E-4	1,60912105E+2	
5,75639097E+1	5,93205634E+6	1,84701770E-4	1,60884835E+2	
5,77159532E+1	5,93205607E+6	1,84390112E-4	1,60860762E+2	
5,78679967E+1	5,93205598E+6	1,84209054E-4	1,60874956E+2	
5,78682880E+1	5,93205593E+6	1,84305102E-4	1,60910642E+2	
5,80194577E+1	5,93205562E+6	1,84269684E-4	1,60896624E+2	
5,81706274E+1	5,93205556E+6	1,84191789E-4	1,60845651E+2	
5,81709187E+1	5,93205545E+6	1,84217854E-4	1,60953767E+2	
5,83235447E+1	5,93205553E+6	1,84424478E-4	1,60866746E+2	
5,84764621E+1	5,93205561E+6	1,84338282E-4	1,60829686E+2	
5,84767534E+1	5,93205565E+6	1,84330616E-4	1,60810144E+2	
5,86282143E+1	5,93205549E+6	1,84367868E-4	1,60861283E+2	
5,87799666E+1	5,93205534E+6	1,84304481E-4	1,60900989E+2	
5,87802578E+1	5,93205542E+6	1,84309591E-4	1,60832700E+2	
5,89305537E+1	5,93205539E+6	1,84398974E-4	1,60949532E+2	
5,90811409E+1	5,93205539E+6	1,84253313E-4	1,60912112E+2	
5,90814322E+1	5,93205539E+6	1,84309735E-4	1,60913075E+2	
5,92317281E+1	5,93205541E+6	1,84293684E-4	1,60844683E+2	
5,93820240E+1	5,93205562E+6	1,84235787E-4	1,60879606E+2	
5,93823152E+1	5,93205568E+6	1,84381949E-4	1,60824509E+2	
5,95337762E+1	5,93205534E+6	1,83995690E-4	1,60916806E+2	
5,96849459E+1	5,93205559E+6	1,84320492E-4	1,60877623E+2	
5,96852372E+1	5,93205556E+6	1,84246094E-4	1,60902688E+2	
5,98378633E+1	5,93205538E+6	1,84234805E-4	1,60981538E+2	
5,99901980E+1	5,93205553E+6	1,84518678E-4	1,60882201E+2	
5,99904893E+1	5,93205547E+6	1,84416910E-4	1,60929489E+2	
6,01425328E+1	5,93205549E+6	1,84247464E-4	1,60847139E+2	
6,02945764E+1	5,93205549E+6	1,84461969E-4	1,60949310E+2	
6,02948676E+1	5,93205554E+6	1,84325003E-4	1,60889707E+2	
6,04457461E+1	5,93205550E+6	1,84438371E-4	1,60842476E+2	
6,05963332E+1	5,93205512E+6	1,84334975E-4	1,60922202E+2	
6,05966245E+1	5,93205511E+6	1,84529885E-4	1,60912105E+2	
6,07492506E+1	5,93205515E+6	1,84034101E-4	1,60925782E+2	
6,09021679E+1	5,93205521E+6	1,84400369E-4	1,60836723E+2	
6,09024592E+1	5,93205513E+6	1,84271580E-4	1,60922362E+2	
6,10524638E+1	5,93205499E+6	1,84230376E-4	1,60862905E+2	
6,12024684E+1	5,93205512E+6	1,84330276E-4	1,60884980E+2	
6,12027597E+1	5,93205508E+6	1,84247688E-4	1,60915688E+2	
6,13545119E+1	5,93205506E+6	1,84319300E-4	1,60836848E+2	
6,15062642E+1	5,93205528E+6	1,84706349E-4	1,60788676E+2	
6,15065554E+1	5,93205523E+6	1,84572496E-4	1,60851584E+2	
6,16583077E+1	5,93205524E+6	1,84622509E-4	1,60817607E+2	
6,18100599E+1	5,93205511E+6	1,84333139E-4	1,60855917E+2	
6,18103512E+1	5,93205505E+6	1,84333555E-4	1,60918048E+2	
6,19618122E+1	5,93205515E+6	1,84302773E-4	1,60885447E+2	
6,21129819E+1	5,93205501E+6	1,84460847E-4	1,60928367E+2	
6,21132732E+1	5,93205514E+6	1,84694960E-4	1,60805506E+2	
6,22658992E+1	5,93205519E+6	1,84408456E-4	1,60807461E+2	
6,24185253E+1	5,93205514E+6	1,84291518E-4	1,60931176E+2	
6,24188166E+1	5,93205515E+6	1,84451553E-4	1,60914742E+2	
6,25702775E+1	5,93205526E+6	1,84344465E-4	1,60876795E+2	
6,27220298E+1	5,93205530E+6	1,84318457E-4	1,60862276E+2	
6,27223211E+1	5,93205521E+6	1,84325297E-4	1,60938892E+2	
6,28740733E+1	5,93205522E+6	1,84391145E-4	1,60874346E+2	
6,30258256E+1	5,93205530E+6	1,84534526E-4	1,60797091E+2	
6,30261168E+1	5,93205516E+6	1,84328541E-4	1,60928011E+2	
6,31767040E+1	5,93205512E+6	1,84723089E-4	1,60887511E+2	
6,33272912E+1	5,93205521E+6	1,84496691E-4	1,60813887E+2	
6,33275824E+1	5,93205517E+6	1,84264305E-4	1,60861589E+2	
6,34790434E+1	5,93205517E+6	1,84267835E-4	1,60907255E+2	
6,36305044E+1	5,93205511E+6	1,84463258E-4	1,60910005E+2	
6,36307957E+1	5,93205515E+6	1,84571789E-4	1,60866165E+2	
6,37816741E+1	5,93205514E+6	1,84344981E-4	1,60974105E+2	
6,39328438E+1	5,93205503E+6	1,84274058E-4	1,60898334E+2	
6,39331351E+1	5,93205502E+6	1,84294150E-4	1,60904104E+2	
6,40857611E+1	5,93205497E+6	1,84768404E-4	1,60946296E+2	
6,42383872E+1	5,93205521E+6	1,84150538E-4	1,60882294E+2	
6,42386785E+1	5,93205523E+6	1,84134299E-4	1,60862121E+2	
6,43901394E+1	5,93205519E+6	1,84166709E-4	1,60927342E+2	
6,45416004E+1	5,93205521E+6	1,84724091E-4	1,60846934E+2	
6,45418917E+1	5,93205516E+6	1,84383134E-4	1,60901357E+2	
6,46939352E+1	5,93205504E+6	1,84134830E-4	1,60929062E+2	
6,48462700E+1	5,93205535E+6	1,84411622E-4	1,60806517E+2	
6,48465613E+1	5,93205530E+6	1,84457480E-4	1,60875558E+2	
6,49986048E+1	5,93205513E+6	1,84423922E-4	1,60912622E+2	
6,51503570E+1	5,93205530E+6	1,84546141E-4	1,60914529E+2	
6,51506483E+1	5,93205535E+6	1,84425329E-4	1,60864095E+2	
6,53026918E+1	5,93205536E+6	1,84521387E-4	1,60835614E+2	
6,54547354E+1	5,93205568E+6	1,84146024E-4	1,60811927E+2	
6,54550266E+1	5,93205558E+6	1,83989212E-4	1,60907724E+2	
6,56061963E+1	5,93205532E+6	1,84503298E-4	1,60998480E+2	
6,57573660E+1	5,93205542E+6	1,84237753E-4	1,60958872E+2	
6,57576573E+1	5,93205546E+6	1,84000576E-4	1,60909441E+2	
6,59085358E+1	5,93205560E+6	1,84341638E-4	1,60887239E+2	
6,60594142E+1	5,93205551E+6	1,84570970E-4	1,60862643E+2	
6,60597055E+1	5,93205547E+6	1,84256834E-4	1,60895256E+2	
6,62105839E+1	5,93205575E+6	1,84090201E-4	1,60823675E+2	
6,63614623E+1	5,93205565E+6	1,84058404E-4	1,60771802E+2	
6,63617536E+1	5,93205555E+6	1,84075174E-4	1,60880098E+2	
6,65132146E+1	5,93205551E+6	1,84232276E-4	1,60902063E+2	
6,66646756E+1	5,93205561E+6	1,84204713E-4	1,60871205E+2	
6,66649668E+1	5,93205551E+6	1,84081395E-4	1,60960439E+2	
6,68152627E+1	5,93205553E+6	1,84518858E-4	1,60875170E+2	
6,69655586E+1	5,93205563E+6	1,84346803E-4	1,60884628E+2	
6,69658499E+1	5,93205570E+6	1,84388267E-4	1,60823197E+2	
6,71173109E+1	5,93205563E+6	1,84341974E-4	1,60911482E+2	
6,72687718E+1	5,93205578E+6	1,84274367E-4	1,60844007E+2	
6,72690631E+1	5,93205573E+6	1,84394365E-4	1,60895698E+2	
6,74190677E+1	5,93205563E+6	1,84433352E-4	1,60929810E+2	
6,75690724E+1	5,93205563E+6	1,84396648E-4	1,60893744E+2	
6,75693636E+1	5,93205562E+6	1,84126621E-4	1,60894845E+2	
6,77202421E+1	5,93205579E+6	1,84279678E-4	1,60897809E+2	
6,78711205E+1	5,93205570E+6	1,84200516E-4	1,60885578E+2	
6,78714118E+1	5,93205573E+6	1,84294678E-4	1,60864428E+2	
6,80222902E+1	5,93205559E+6	1,84310543E-4	1,60876380E+2	
6,81731686E+1	5,93205578E+6	1,84321961E-4	1,60887735E+2	
6,81734599E+1	5,93205577E+6	1,84253202E-4	1,60898149E+2	
6,83237558E+1	5,93205582E+6	1,84406623E-4	1,60865514E+2	
6,84740517E+1	5,93205570E+6	1,84302931E-4	1,60889428E+2	
6,84743430E+1	5,93205566E+6	1,84129763E-4	1,60919473E+2	
6,86255127E+1	5,93205589E+6	1,84234334E-4	1,60790251E+2	
6,87766824E+1	5,93205580E+6	1,84188879E-4	1,60965827E+2	
6,87769737E+1	5,93205589E+6	1,84191230E-4	1,60867638E+2	
6,89278521E+1	5,93205586E+6	1,84450323E-4	1,60862494E+2	
6,90787305E+1	5,93205580E+6	1,84595920E-4	1,60843355E+2	
6,90790218E+1	5,93205582E+6	1,84358870E-4	1,60823847E+2	
6,92310653E+1	5,93205583E+6	1,84211003E-4	1,60880982E+2	
6,93828176E+1	5,93205568E+6	1,83854034E-4	1,60933119E+2	
6,93831088E+1	5,93205567E+6	1,84243899E-4	1,60939199E+2	
6,95351524E+1	5,93205584E+6	1,84307876E-4	1,60867238E+2	
6,96871959E+1	5,93205587E+6	1,84106062E-4	1,60925559E+2	
6,96874871E+1	5,93205602E+6	1,84406002E-4	1,60786132E+2	
6,98389481E+1	5,93205585E+6	1,84138205E-4	1,60868619E+2	
6,99901178E+1	5,93205601E+6	1,84510144E-4	1,60850815E+2	
6,99904091E+1	5,93205596E+6	1,84411473E-4	1,60898246E+2	
7,01415788E+1	5,93205581E+6	1,84403613E-4	1,60843716E+2	
7,02927485E+1	5,93205572E+6	1,84367467E-4	1,60885292E+2	
7,02930398E+1	5,93205572E+6	1,84228190E-4	1,60879377E+2	
7,04445008E+1	5,93205582E+6	1,84251178E-4	1,60863551E+2	
7,05959617E+1	5,93205583E+6	1,84093558E-4	1,60894994E+2	
7,05962530E+1	5,93205584E+6	1,84194906E-4	1,60886038E+2	
7,07474227E+1	5,93205573E+6	1,84465330E-4	1,60971516E+2	
7,08985924E+1	5,93205589E+6	1,84251392E-4	1,60890939E+2	
7,08988837E+1	5,93205593E+6	1,84232806E-4	1,60854411E+2	
7,10497621E+1	5,93205602E+6	1,84504232E-4	1,60861432E+2	
7,12006406E+1	5,93205603E+6	1,84406410E-4	1,60894503E+2	
7,12009318E+1	5,93205606E+6	1,84251242E-4	1,60860409E+2	
7,13523928E+1	5,93205606E+6	1,84133291E-4	1,60888340E+2	
7,15035625E+1	5,93205601E+6	1,84091887E-4	1,60957973E+2	
7,15038538E+1	5,93205609E+6	1,84451731E-4	1,60866340E+2	
7,16564799E+1	5,93205596E+6	1,84192017E-4	1,60903256E+2	
7,18091059E+1	5,93205607E+6	1,84532186E-4	1,60816676E+2	
7,18093972E+1	5,93205608E+6	1,84275625E-4	1,60818173E+2	
7,19623145E+1	5,93205606E+6	1,84365962E-4	1,60880685E+2	
7,21152319E+1	5,93205597E+6	1,84189947E-4	1,60880172E+2	
7,21155231E+1	5,93205599E+6	1,83924151E-4	1,60859317E+2	
7,22664016E+1	5,93205595E+6	1,84309922E-4	1,60894158E+2	
7,24169887E+1	5,93205625E+6	1,84410718E-4	1,60799929E+2	
7,24172800E+1	5,93205618E+6	1,84298635E-4	1,60883456E+2	
7,25672846E+1	5,93205599E+6	1,84397478E-4	1,60816022E+2	
7,27172892E+1	5,93205611E+6	1,84623162E-4	1,60929627E+2	
7,27175805E+1	5,93205621E+6	1,84267031E-4	1,60829597E+2	
7,28690415E+1	5,93205600E+6	1,84109190E-4	1,60932887E+2	
7,30207937E+1	5,93205601E+6	1,84224397E-4	1,60961312E+2	
7,30210850E+1	5,93205610E+6	1,84113669E-4	1,60866814E+2	
7,31742936E+1	5,93205609E+6	1,84661569E-4	1,60919637E+2	
7,33272110E+1	5,93205601E+6	1,84398529E-4	1,60905403E+2	
7,33275022E+1	5,93205606E+6	1,84285166E-4	1,60860714E+2	
7,34798370E+1	5,93205621E+6	1,84077353E-4	1,60819416E+2	
7,36321718E+1	5,93205605E+6	1,84327387E-4	1,60863460E+2	
7,36324631E+1	5,93205610E+6	1,84468386E-4	1,60825606E+2	
7,37833415E+1	5,93205618E+6	1,84328562E-4	1,60859464E+2	
7,39342199E+1	5,93205603E+6	1,84454386E-4	1,60910328E+2	
7,39345112E+1	5,93205617E+6	1,84414788E-4	1,60771880E+2	
7,40874286E+1	5,93205608E+6	1,84274600E-4	1,60855810E+2	
7,42403459E+1	5,93205620E+6	1,84246930E-4	1,60933713E+2	
7,42406372E+1	5,93205624E+6	1,84461316E-4	1,60877884E+2	
7,43920981E+1	5,93205601E+6	1,84245657E-4	1,60924460E+2	
7,45432678E+1	5,93205601E+6	1,84515349E-4	1,60958803E+2	
7,45435591E+1	5,93205606E+6	1,84333061E-4	1,60897045E+2	
7,46938550E+1	5,93205618E+6	1,84274132E-4	1,60843926E+2	
7,48441509E+1	5,93205609E+6	1,84457416E-4	1,60908040E+2	
7,48444422E+1	5,93205608E+6	1,84382844E-4	1,60917970E+2	
7,49964857E+1	5,93205617E+6	1,84513470E-4	1,60884329E+2	
7,51488205E+1	5,93205618E+6	1,84300535E-4	1,60894351E+2	
7,51491118E+1	5,93205615E+6	1,84408666E-4	1,60914151E+2	
7,53011553E+1	5,93205625E+6	1,84208540E-4	1,60906157E+2	
7,54529075E+1	5,93205620E+6	1,84599146E-4	1,60896630E+2	
7,54531988E+1	5,93205624E+6	1,84715176E-4	1,60850795E+2	
7,56046598E+1	5,93205624E+6	1,84700594E-4	1,60908045E+2	
7,57558295E+1	5,93205611E+6	1,84382013E-4	1,60946694E+2	
7,57561207E+1	5,93205614E+6	1,84486411E-4	1,60912524E+2	
7,59081643E+1	5,93205622E+6	1,84374392E-4	1,60894234E+2	
7,60604991E+1	5,93205627E+6	1,84279685E-4	1,60924103E+2	
*** PLL disabled.	12/02/2026 13:52:03,763
7,60607903E+1	5,93205628E+6	1,84394969E-4	1,60904843E+2	
7,62128338E+1	5,93205628E+6	1,84606976E-4	1,60899365E+2	
7,63651686E+1	5,93205626E+6	1,84129604E-4	1,60841420E+2	
7,63654599E+1	5,93205626E+6	1,84322788E-4	1,60823153E+2	
7,65160471E+1	5,93205626E+6	1,83999963E-4	1,60866210E+2	
7,66666342E+1	5,93205626E+6	1,84130163E-4	1,60919060E+2	
7,66669255E+1	5,93205626E+6	1,84516583E-4	1,60864008E+2	
7,68183865E+1	5,93205626E+6	1,84448260E-4	1,60986791E+2	
7,69695562E+1	5,93205626E+6	1,84270572E-4	1,60951469E+2	
7,69698475E+1	5,93205626E+6	1,84244976E-4	1,60800251E+2	
7,71207259E+1	5,93205626E+6	1,84374243E-4	1,60940876E+2	
7,72716043E+1	5,93205626E+6	1,84413373E-4	1,60838082E+2	
7,72718956E+1	5,93205626E+6	1,84260484E-4	1,60916991E+2	
7,74233566E+1	5,93205626E+6	1,84726270E-4	1,60874126E+2	
7,75745263E+1	5,93205626E+6	1,84437831E-4	1,60855389E+2	
7,75748176E+1	5,93205626E+6	1,84326906E-4	1,60827276E+2	
7,77265698E+1	5,93205626E+6	1,84392881E-4	1,60811887E+2	
7,78783221E+1	5,93205626E+6	1,84185416E-4	1,60954296E+2	
7,78786133E+1	5,93205626E+6	1,84505194E-4	1,60890128E+2	
7,80300743E+1	5,93205626E+6	1,84552331E-4	1,60828932E+2	
7,81812440E+1	5,93205626E+6	1,84601241E-4	1,60808185E+2	
7,81815353E+1	5,93205626E+6	1,84334014E-4	1,60903672E+2	
7,83347439E+1	5,93205626E+6	1,84478974E-4	1,60793613E+2	
7,84879525E+1	5,93205626E+6	1,84223532E-4	1,60875666E+2	
7,84882438E+1	5,93205626E+6	1,84413892E-4	1,60864654E+2	
7,86385397E+1	5,93205626E+6	1,84486389E-4	1,60865989E+2	
7,87885443E+1	5,93205626E+6	1,84187630E-4	1,60801987E+2	
7,87888356E+1	5,93205626E+6	1,84604242E-4	1,60868775E+2	
7,89408791E+1	5,93205626E+6	1,84476741E-4	1,60894084E+2	
7,90926313E+1	5,93205626E+6	1,84310766E-4	1,60949791E+2	
7,90929226E+1	5,93205626E+6	1,84482347E-4	1,60901850E+2	
7,92446748E+1	5,93205626E+6	1,84273610E-4	1,60804319E+2	
7,93964271E+1	5,93205626E+6	1,84471193E-4	1,60855252E+2	
7,93967184E+1	5,93205626E+6	1,84280426E-4	1,60855476E+2	
7,95470143E+1	5,93205626E+6	1,84375302E-4	1,60907202E+2	
7,96973102E+1	5,93205626E+6	1,84154406E-4	1,60776104E+2	
7,96976014E+1	5,93205626E+6	1,84222405E-4	1,60874325E+2	
7,98490624E+1	5,93205626E+6	1,84371960E-4	1,60892239E+2	
8,00002321E+1	5,93205626E+6	1,84428699E-4	1,60881832E+2	
8,00005234E+1	5,93205626E+6	1,84266007E-4	1,60877441E+2	
8,01508193E+1	5,93205626E+6	1,84181288E-4	1,60799929E+2	
8,03014064E+1	5,93205626E+6	1,84323650E-4	1,60870461E+2	
8,03016977E+1	5,93205626E+6	1,84426692E-4	1,60904158E+2	
8,04528674E+1	5,93205626E+6	1,84607575E-4	1,60887896E+2	
8,06040371E+1	5,93205626E+6	1,84430989E-4	1,60803423E+2	
8,06043284E+1	5,93205626E+6	1,84557058E-4	1,60814764E+2	
8,07569545E+1	5,93205626E+6	1,84558155E-4	1,60934534E+2	
8,09095805E+1	5,93205626E+6	1,84665401E-4	1,60859979E+2	
8,09098718E+1	5,93205626E+6	1,84531008E-4	1,60857413E+2	
8,10607502E+1	5,93205626E+6	1,84562648E-4	1,60863544E+2	
8,12116287E+1	5,93205626E+6	1,84262649E-4	1,60899023E+2	
8,12119199E+1	5,93205626E+6	1,84336125E-4	1,60871581E+2	
8,13645460E+1	5,93205626E+6	1,84445916E-4	1,60911515E+2	
8,15174633E+1	5,93205626E+6	1,84271165E-4	1,60913451E+2	
8,15177546E+1	5,93205626E+6	1,84314155E-4	1,60881517E+2	
8,16680505E+1	5,93205626E+6	1,84579331E-4	1,60869233E+2	
8,18183464E+1	5,93205626E+6	1,84612435E-4	1,60844047E+2	
8,18186377E+1	5,93205626E+6	1,84465928E-4	1,60887525E+2	
8,19706812E+1	5,93205626E+6	1,84531214E-4	1,60865840E+2	
8,21224334E+1	5,93205626E+6	1,84464928E-4	1,60849462E+2	
8,21227247E+1	5,93205626E+6	1,84522158E-4	1,60861901E+2	
8,22747682E+1	5,93205626E+6	1,84552279E-4	1,60850625E+2	
8,24268117E+1	5,93205626E+6	1,84021256E-4	1,60874504E+2	
8,24271030E+1	5,93205626E+6	1,84231428E-4	1,60850095E+2	
8,25791465E+1	5,93205626E+6	1,84431018E-4	1,60867810E+2	
8,27311900E+1	5,93205626E+6	1,84504011E-4	1,60871129E+2	
8,27314813E+1	5,93205626E+6	1,84398141E-4	1,60794996E+2	
8,28814859E+1	5,93205626E+6	1,84632244E-4	1,60927109E+2	
8,30314906E+1	5,93205626E+6	1,84281783E-4	1,60814025E+2	
8,30317818E+1	5,93205626E+6	1,84438283E-4	1,60874061E+2	
8,31820777E+1	5,93205626E+6	1,84426663E-4	1,60875579E+2	
8,33323736E+1	5,93205626E+6	1,84979952E-4	1,60902989E+2	
8,33326649E+1	5,93205626E+6	1,84649863E-4	1,60877168E+2	
8,34841259E+1	5,93205626E+6	1,84457923E-4	1,60865012E+2	
8,36358781E+1	5,93205626E+6	1,84155696E-4	1,60850918E+2	
8,36361694E+1	5,93205626E+6	1,84666767E-4	1,60832654E+2	
8,37867566E+1	5,93205626E+6	1,84261127E-4	1,60831439E+2	
8,39373437E+1	5,93205626E+6	1,84640989E-4	1,60922477E+2	
8,39376350E+1	5,93205626E+6	1,84590225E-4	1,60835836E+2	
8,40896785E+1	5,93205626E+6	1,84233727E-4	1,60774456E+2	
8,42417220E+1	5,93205626E+6	1,84778754E-4	1,60906253E+2	
8,42420133E+1	5,93205626E+6	1,84360119E-4	1,60945366E+2	
8,43934743E+1	5,93205626E+6	1,84679174E-4	1,60859033E+2	
8,45446440E+1	5,93205626E+6	1,84327519E-4	1,60838434E+2	
8,45449353E+1	5,93205626E+6	1,84389272E-4	1,60835317E+2	
8,46963962E+1	5,93205626E+6	1,84216148E-4	1,60896196E+2	
8,48478572E+1	5,93205626E+6	1,84511396E-4	1,60868484E+2	
8,48481485E+1	5,93205626E+6	1,84457906E-4	1,60864199E+2	
8,49996095E+1	5,93205626E+6	1,84541864E-4	1,60851796E+2	
8,51507792E+1	5,93205626E+6	1,84451240E-4	1,60894328E+2	
8,51510704E+1	5,93205626E+6	1,84537052E-4	1,60879838E+2	
8,53010751E+1	5,93205626E+6	1,84508703E-4	1,60861591E+2	
8,54510797E+1	5,93205626E+6	1,84696938E-4	1,60878346E+2	
8,54513710E+1	5,93205626E+6	1,84666530E-4	1,60894101E+2	
8,56039970E+1	5,93205626E+6	1,84604370E-4	1,60819182E+2	
8,57569143E+1	5,93205626E+6	1,84615639E-4	1,60838100E+2	
8,57572056E+1	5,93205626E+6	1,84616482E-4	1,60917380E+2	
8,59072102E+1	5,93205626E+6	1,84312589E-4	1,60938206E+2	
8,60572149E+1	5,93205626E+6	1,84661790E-4	1,60810193E+2	
8,60575061E+1	5,93205626E+6	1,84317524E-4	1,60820434E+2	
8,62095497E+1	5,93205626E+6	1,84388639E-4	1,60876995E+2	
8,63613019E+1	5,93205626E+6	1,84230799E-4	1,60871650E+2	
8,63615932E+1	5,93205626E+6	1,84417311E-4	1,60819842E+2	
8,65130542E+1	5,93205626E+6	1,84344700E-4	1,60876766E+2	
8,66648064E+1	5,93205626E+6	1,84708381E-4	1,60867231E+2	
8,66650977E+1	5,93205626E+6	1,84637875E-4	1,60886624E+2	
8,68165586E+1	5,93205626E+6	1,84403775E-4	1,60945203E+2	
8,69680196E+1	5,93205626E+6	1,84753175E-4	1,60900613E+2	
8,69683109E+1	5,93205626E+6	1,84825341E-4	1,60888248E+2	
8,71197719E+1	5,93205626E+6	1,84542793E-4	1,60781432E+2	
8,72715241E+1	5,93205626E+6	1,84479461E-4	1,60880588E+2	
8,72718154E+1	5,93205626E+6	1,84590706E-4	1,60835143E+2	
8,74232764E+1	5,93205626E+6	1,84789922E-4	1,60825966E+2	
8,75747374E+1	5,93205626E+6	1,84352810E-4	1,60851853E+2	
8,75750286E+1	5,93205626E+6	1,84362697E-4	1,60858527E+2	
8,77267809E+1	5,93205626E+6	1,84306848E-4	1,60830940E+2	
8,78785331E+1	5,93205626E+6	1,84397214E-4	1,60899022E+2	
8,78788244E+1	5,93205626E+6	1,84261713E-4	1,60810644E+2	
8,80314505E+1	5,93205626E+6	1,84416582E-4	1,60854745E+2	
8,81843678E+1	5,93205626E+6	1,84870929E-4	1,60840654E+2	
8,81846591E+1	5,93205626E+6	1,84620185E-4	1,60837670E+2	
8,83372851E+1	5,93205626E+6	1,84680610E-4	1,60921411E+2	
8,84902025E+1	5,93205626E+6	1,84397925E-4	1,60857239E+2	
8,84904937E+1	5,93205626E+6	1,84397846E-4	1,60911359E+2	
8,86419547E+1	5,93205626E+6	1,84506057E-4	1,60877365E+2	
8,87934157E+1	5,93205626E+6	1,84526398E-4	1,60830799E+2	
8,87937070E+1	5,93205626E+6	1,84651156E-4	1,60726134E+2	
8,89463330E+1	5,93205626E+6	1,84260275E-4	1,60870731E+2	
8,90989591E+1	5,93205626E+6	1,84279294E-4	1,60784720E+2	
8,90992503E+1	5,93205626E+6	1,84513775E-4	1,60830109E+2	
8,92498375E+1	5,93205626E+6	1,84309653E-4	1,60844278E+2	
8,94004247E+1	5,93205626E+6	1,84633583E-4	1,60863449E+2	
8,94007159E+1	5,93205626E+6	1,84475456E-4	1,60897727E+2	
8,95530507E+1	5,93205626E+6	1,84604782E-4	1,60874963E+2	
8,97053855E+1	5,93205626E+6	1,84528384E-4	1,60847792E+2	
8,97056768E+1	5,93205626E+6	1,84576298E-4	1,60853803E+2	
8,98583029E+1	5,93205626E+6	1,84372097E-4	1,60862227E+2	
9,00109289E+1	5,93205626E+6	1,84568729E-4	1,60763539E+2	
9,00112202E+1	5,93205626E+6	1,84725477E-4	1,60805312E+2	
9,01620986E+1	5,93205626E+6	1,84385722E-4	1,60787865E+2	
9,03132683E+1	5,93205626E+6	1,84254086E-4	1,60809939E+2	
9,03135596E+1	5,93205626E+6	1,84556938E-4	1,60822140E+2	
9,04650206E+1	5,93205626E+6	1,84530578E-4	1,60833726E+2	
9,06164816E+1	5,93205626E+6	1,84512145E-4	1,60835138E+2	
9,06167728E+1	5,93205626E+6	1,84815198E-4	1,60822584E+2	
9,07670687E+1	5,93205626E+6	1,84656532E-4	1,60798886E+2	
9,09173646E+1	5,93205626E+6	1,84713013E-4	1,60781928E+2	
9,09176559E+1	5,93205626E+6	1,84734262E-4	1,60839688E+2	
9,10696994E+1	5,93205626E+6	1,84625578E-4	1,60907776E+2	
9,12220342E+1	5,93205626E+6	1,84523223E-4	1,60855237E+2	
9,12223255E+1	5,93205626E+6	1,84401621E-4	1,60883939E+2	
9,13746603E+1	5,93205626E+6	1,84707312E-4	1,60776626E+2	
9,15269951E+1	5,93205626E+6	1,84246456E-4	1,60889265E+2	
9,15272863E+1	5,93205626E+6	1,84598129E-4	1,60862853E+2	
9,16775822E+1	5,93205626E+6	1,84545433E-4	1,60882537E+2	
9,18275868E+1	5,93205626E+6	1,84896807E-4	1,60844613E+2	
9,18278781E+1	5,93205626E+6	1,84499897E-4	1,60824166E+2	
9,19799216E+1	5,93205626E+6	1,84835805E-4	1,60884983E+2	
9,21316739E+1	5,93205626E+6	1,84617001E-4	1,60712512E+2	
9,21319652E+1	5,93205626E+6	1,84456021E-4	1,60833790E+2	
9,22828436E+1	5,93205626E+6	1,84490175E-4	1,60839844E+2	
9,24334308E+1	5,93205626E+6	1,84538674E-4	1,60813027E+2	
9,24337220E+1	5,93205626E+6	1,84505256E-4	1,60863055E+2	
9,25866394E+1	5,93205626E+6	1,84611059E-4	1,60952469E+2	
9,27395567E+1	5,93205626E+6	1,84323671E-4	1,60899142E+2	
9,27398480E+1	5,93205626E+6	1,84735768E-4	1,60921893E+2	
9,28907264E+1	5,93205626E+6	1,84617568E-4	1,60901629E+2	
9,30416048E+1	5,93205626E+6	1,84327596E-4	1,60869686E+2	
9,30418961E+1	5,93205626E+6	1,84410881E-4	1,60817002E+2	
9,31945222E+1	5,93205626E+6	1,84256333E-4	1,60834708E+2	
9,33474395E+1	5,93205626E+6	1,84573899E-4	1,60801695E+2	
9,33477308E+1	5,93205626E+6	1,84387268E-4	1,60758084E+2	
9,34986092E+1	5,93205626E+6	1,84571055E-4	1,60841438E+2	
9,36491964E+1	5,93205626E+6	1,84274689E-4	1,60829592E+2	
9,36494876E+1	5,93205626E+6	1,84653281E-4	1,60804092E+2	
9,38003661E+1	5,93205626E+6	1,84809226E-4	1,60867137E+2	
9,39509532E+1	5,93205626E+6	1,84500986E-4	1,60919771E+2	
9,39512445E+1	5,93205626E+6	1,84532870E-4	1,60943595E+2	
9,41041618E+1	5,93205626E+6	1,84575960E-4	1,60815438E+2	
9,42570792E+1	5,93205626E+6	1,84280483E-4	1,60843643E+2	
9,42573705E+1	5,93205626E+6	1,84220662E-4	1,60838543E+2	
9,44082489E+1	5,93205626E+6	1,84630413E-4	1,60835220E+2	
9,45591273E+1	5,93205626E+6	1,84521780E-4	1,60835496E+2	
9,45594186E+1	5,93205626E+6	1,84576760E-4	1,60849398E+2	
9,47097145E+1	5,93205626E+6	1,84497014E-4	1,60887020E+2	
9,48600104E+1	5,93205626E+6	1,84585459E-4	1,60822865E+2	
9,48603017E+1	5,93205626E+6	1,84234594E-4	1,60845769E+2	
9,50105975E+1	5,93205626E+6	1,84354816E-4	1,60885829E+2	
9,51611847E+1	5,93205626E+6	1,84392201E-4	1,60807098E+2	
9,51614760E+1	5,93205626E+6	1,84623551E-4	1,60871937E+2	
9,53129370E+1	5,93205626E+6	1,84554749E-4	1,60818650E+2	
9,54643979E+1	5,93205626E+6	1,84675054E-4	1,60857990E+2	
9,54646892E+1	5,93205626E+6	1,84766339E-4	1,60827011E+2	
9,56158589E+1	5,93205626E+6	1,84804410E-4	1,60890220E+2	
9,57670286E+1	5,93205626E+6	1,84599926E-4	1,60869892E+2	
